client timestamp,button,state,x,y
5561,NoButton,Move,792,532
5571,NoButton,Move,788,527
5588,NoButton,Move,778,517
5604,NoButton,Move,772,512
5621,NoButton,Move,764,507
5639,NoButton,Move,745,502
5654,NoButton,Move,741,499
5671,NoButton,Move,736,492
5687,NoButton,Move,736,491
5915,NoButton,Move,736,490
5922,NoButton,Move,737,490
5937,NoButton,Move,738,490
5954,NoButton,Move,739,490
5970,NoButton,Move,739,489
5987,NoButton,Move,739,487
6004,NoButton,Move,740,481
6021,NoButton,Move,751,473
6038,NoButton,Move,771,463
6054,NoButton,Move,798,455
6071,NoButton,Move,888,438
6087,NoButton,Move,949,431
6104,NoButton,Move,1028,422
6121,NoButton,Move,1113,415
6137,NoButton,Move,1185,410
6155,NoButton,Move,1240,409
6170,NoButton,Move,1287,402
6187,NoButton,Move,1314,402
6203,NoButton,Move,1328,399
6220,NoButton,Move,1334,398
6237,NoButton,Move,1337,398
6323,NoButton,Move,1338,398
6339,NoButton,Move,1339,398
6393,NoButton,Move,1340,398
6409,NoButton,Move,1342,398
6420,NoButton,Move,1346,399
6437,NoButton,Move,1356,402
6454,NoButton,Move,1364,403
6470,NoButton,Move,1380,406
6487,NoButton,Move,1401,406
6503,NoButton,Move,1416,406
6520,NoButton,Move,1427,406
6537,NoButton,Move,1432,406
6553,NoButton,Move,1433,406
6605,Left,Pressed,1433,406
6681,Left,Released,1433,406
6753,Left,Pressed,1433,406
6839,Left,Released,1433,406
7059,NoButton,Move,1432,406
7075,NoButton,Move,1427,407
7086,NoButton,Move,1423,407
7103,NoButton,Move,1407,407
7119,NoButton,Move,1376,404
7136,NoButton,Move,1319,388
7154,NoButton,Move,1199,347
7169,NoButton,Move,1122,306
7186,NoButton,Move,1065,270
7203,NoButton,Move,1023,237
7219,NoButton,Move,972,204
7236,NoButton,Move,931,185
7253,NoButton,Move,905,178
7269,NoButton,Move,884,175
7286,NoButton,Move,863,172
7303,NoButton,Move,834,172
7319,NoButton,Move,812,172
7336,NoButton,Move,800,172
7353,NoButton,Move,794,172
7369,NoButton,Move,792,172
7386,NoButton,Move,789,172
7403,NoButton,Move,788,172
7427,NoButton,Move,787,172
7436,NoButton,Move,786,173
7453,NoButton,Move,784,174
7469,NoButton,Move,783,174
7486,NoButton,Move,780,175
7502,NoButton,Move,779,177
7519,NoButton,Move,777,177
7536,NoButton,Move,769,181
7552,NoButton,Move,762,184
7569,NoButton,Move,757,186
7586,NoButton,Move,752,186
7603,NoButton,Move,748,188
7619,NoButton,Move,746,188
7636,NoButton,Move,744,188
7655,Left,Pressed,744,188
7731,Left,Released,744,188
7796,Left,Pressed,744,188
7897,Left,Released,744,188
8150,NoButton,Move,747,193
8168,NoButton,Move,764,210
8185,NoButton,Move,792,234
8202,NoButton,Move,824,264
8219,NoButton,Move,868,318
8235,NoButton,Move,893,348
8252,NoButton,Move,912,378
8268,NoButton,Move,922,393
8285,NoButton,Move,927,406
8302,NoButton,Move,929,411
8319,NoButton,Move,929,414
8563,NoButton,Move,928,411
8571,NoButton,Move,928,410
8585,NoButton,Move,925,406
8610,NoButton,Move,924,405
8632,Left,Pressed,924,405
8717,Left,Released,924,405
9001,NoButton,Move,923,404
9018,NoButton,Move,920,390
9034,NoButton,Move,912,355
9051,NoButton,Move,900,326
9068,NoButton,Move,880,288
9084,NoButton,Move,856,254
9101,NoButton,Move,844,236
9118,NoButton,Move,839,227
9134,NoButton,Move,835,219
9151,NoButton,Move,832,215
9169,NoButton,Move,832,213
9184,NoButton,Move,832,212
9201,NoButton,Move,832,211
9218,NoButton,Move,832,210
9235,NoButton,Move,831,210
9259,NoButton,Move,830,209
9267,NoButton,Move,830,208
9291,NoButton,Move,829,208
9307,NoButton,Move,829,207
9321,NoButton,Move,829,206
9337,NoButton,Move,828,206
9352,NoButton,Move,828,205
9368,NoButton,Move,827,204
9384,NoButton,Move,826,202
9401,NoButton,Move,824,199
9417,NoButton,Move,821,198
9434,NoButton,Move,820,194
9451,NoButton,Move,816,191
9468,NoButton,Move,813,190
9471,NoButton,Move,810,190
9472,Left,Pressed,810,190
9485,Left,Drag,805,190
9501,Left,Drag,789,190
9519,Left,Drag,749,193
9535,Left,Drag,712,194
9552,Left,Drag,664,198
9568,Left,Drag,606,199
9585,Left,Drag,536,202
9601,Left,Drag,492,204
9618,Left,Drag,432,207
9635,Left,Drag,371,210
9651,Left,Drag,307,211
9668,Left,Drag,275,214
9685,Left,Drag,251,214
9701,Left,Drag,235,214
9718,Left,Drag,228,214
9734,Left,Drag,224,214
9751,Left,Drag,222,214
9768,Left,Drag,221,214
9784,Left,Drag,220,214
9801,Left,Drag,219,215
9818,Left,Drag,218,215
9834,Left,Drag,217,215
9851,Left,Drag,217,216
9868,Left,Drag,216,217
9884,Left,Drag,216,218
9901,Left,Drag,216,221
9918,Left,Drag,216,225
9934,Left,Drag,216,227
9951,Left,Drag,215,233
9967,Left,Drag,215,235
9984,Left,Drag,215,238
10001,Left,Drag,215,238
10004,Left,Drag,214,241
10004,Left,Released,214,241
10033,NoButton,Move,214,242
10050,NoButton,Move,214,243
10068,NoButton,Move,214,244
10091,NoButton,Move,220,255
10100,NoButton,Move,222,258
10117,NoButton,Move,228,263
10134,NoButton,Move,234,266
10151,NoButton,Move,244,274
10167,NoButton,Move,272,283
10184,NoButton,Move,308,290
10200,NoButton,Move,366,299
10217,NoButton,Move,470,312
10233,NoButton,Move,538,320
10250,NoButton,Move,618,326
10267,NoButton,Move,694,326
10283,NoButton,Move,751,326
10300,NoButton,Move,788,324
10317,NoButton,Move,806,318
10333,NoButton,Move,823,311
10350,NoButton,Move,831,306
10367,NoButton,Move,841,296
10383,NoButton,Move,844,291
10400,NoButton,Move,846,286
10417,NoButton,Move,848,280
10433,NoButton,Move,852,270
10450,NoButton,Move,856,264
10466,NoButton,Move,859,257
10483,NoButton,Move,860,252
10500,NoButton,Move,860,248
10516,NoButton,Move,861,246
10533,NoButton,Move,862,245
10550,NoButton,Move,864,242
10566,NoButton,Move,865,242
10583,NoButton,Move,870,239
10600,NoButton,Move,876,236
10616,NoButton,Move,885,231
10633,NoButton,Move,892,229
10650,NoButton,Move,898,226
10666,NoButton,Move,900,226
10719,Left,Pressed,900,226
10787,Left,Released,900,226
10867,Left,Pressed,900,226
10951,Left,Released,900,226
11211,NoButton,Move,892,229
11219,NoButton,Move,881,234
11233,NoButton,Move,866,246
11249,NoButton,Move,804,284
11266,NoButton,Move,752,315
11282,NoButton,Move,692,350
11299,NoButton,Move,638,386
11316,NoButton,Move,582,420
11332,NoButton,Move,524,454
11349,NoButton,Move,475,483
11366,NoButton,Move,442,499
11382,NoButton,Move,423,506
11399,NoButton,Move,412,510
11416,NoButton,Move,409,510
11483,NoButton,Move,409,507
11499,NoButton,Move,409,505
11516,NoButton,Move,409,501
11532,NoButton,Move,412,496
11549,NoButton,Move,414,492
11566,NoButton,Move,418,489
11583,NoButton,Move,423,483
11600,NoButton,Move,430,476
11615,NoButton,Move,431,474
11632,NoButton,Move,435,469
11649,NoButton,Move,442,462
11666,NoButton,Move,444,459
11683,NoButton,Move,445,459
11953,Left,Pressed,445,459
12021,Left,Released,445,459
12110,NoButton,Move,446,459
12115,NoButton,Move,448,458
12132,NoButton,Move,452,456
12149,NoButton,Move,460,454
12165,NoButton,Move,468,452
12182,NoButton,Move,476,450
12198,NoButton,Move,482,449
12215,NoButton,Move,490,446
12231,NoButton,Move,496,444
12248,NoButton,Move,505,441
12265,NoButton,Move,523,430
12282,NoButton,Move,539,416
12303,NoButton,Move,566,386
12315,NoButton,Move,577,374
12332,NoButton,Move,597,349
12348,NoButton,Move,615,329
12365,NoButton,Move,634,302
12382,NoButton,Move,639,286
12398,NoButton,Move,645,275
12415,NoButton,Move,647,267
12432,NoButton,Move,647,258
12448,NoButton,Move,647,252
12465,NoButton,Move,647,247
12481,NoButton,Move,647,244
12498,NoButton,Move,647,242
12515,NoButton,Move,646,239
12531,NoButton,Move,645,238
12548,NoButton,Move,645,236
12600,Left,Pressed,645,236
12669,Left,Released,645,236
12829,NoButton,Move,645,238
12837,NoButton,Move,645,239
12848,NoButton,Move,646,242
12864,NoButton,Move,648,247
12882,NoButton,Move,650,261
12898,NoButton,Move,650,272
12914,NoButton,Move,645,295
12931,NoButton,Move,638,311
12948,NoButton,Move,629,322
12964,NoButton,Move,624,328
12981,NoButton,Move,621,330
13057,NoButton,Move,620,328
13065,NoButton,Move,618,326
13081,NoButton,Move,615,321
13097,NoButton,Move,612,317
13114,NoButton,Move,609,314
13131,NoButton,Move,606,310
13151,NoButton,Move,605,310
13183,Left,Pressed,605,310
13267,Left,Released,605,310
13487,NoButton,Move,605,311
13497,NoButton,Move,605,312
13514,NoButton,Move,605,313
13530,NoButton,Move,605,314
13549,NoButton,Move,604,314
13564,NoButton,Move,603,313
13580,NoButton,Move,579,286
13598,NoButton,Move,544,251
13614,NoButton,Move,497,215
13631,NoButton,Move,437,185
13647,NoButton,Move,381,165
13664,NoButton,Move,329,149
13680,NoButton,Move,294,138
13697,NoButton,Move,261,128
13714,NoButton,Move,248,125
13730,NoButton,Move,242,123
13747,NoButton,Move,239,122
13764,NoButton,Move,236,122
13831,NoButton,Move,235,122
13847,NoButton,Move,234,122
13897,NoButton,Move,233,124
13914,NoButton,Move,233,125
13930,NoButton,Move,233,126
13949,NoButton,Move,234,127
13963,NoButton,Move,236,130
13980,NoButton,Move,242,134
13997,NoButton,Move,248,136
14013,NoButton,Move,252,138
14031,NoButton,Move,258,140
14047,NoButton,Move,264,142
14063,NoButton,Move,270,144
14080,NoButton,Move,275,146
14097,NoButton,Move,276,147
14113,NoButton,Move,277,148
14114,Left,Pressed,277,148
14130,Left,Drag,278,148
14181,Left,Released,278,148
14197,NoButton,Move,278,149
14219,NoButton,Move,278,150
14229,NoButton,Move,277,150
14247,NoButton,Move,276,151
14277,Left,Pressed,276,151
14361,Left,Released,276,151
14427,NoButton,Move,276,152
14463,NoButton,Move,277,152
14480,NoButton,Move,278,152
14496,NoButton,Move,279,153
14513,NoButton,Move,280,154
14529,NoButton,Move,283,154
14546,NoButton,Move,287,157
14563,NoButton,Move,297,161
14580,NoButton,Move,310,165
14596,NoButton,Move,323,170
14613,NoButton,Move,342,177
14630,NoButton,Move,365,186
14646,NoButton,Move,407,205
14663,NoButton,Move,431,218
14680,NoButton,Move,445,228
14696,NoButton,Move,455,234
14713,NoButton,Move,459,239
14729,NoButton,Move,460,242
14746,NoButton,Move,460,245
14763,NoButton,Move,459,247
14779,NoButton,Move,455,248
14796,NoButton,Move,449,249
14813,NoButton,Move,436,249
14829,NoButton,Move,420,244
14846,NoButton,Move,408,238
14863,NoButton,Move,385,224
14879,NoButton,Move,355,205
14896,NoButton,Move,340,194
14913,NoButton,Move,328,183
14930,NoButton,Move,320,176
14946,NoButton,Move,313,171
14963,NoButton,Move,311,168
14979,NoButton,Move,307,166
14996,NoButton,Move,304,163
15013,NoButton,Move,302,162
15029,NoButton,Move,296,159
15046,NoButton,Move,292,158
15063,NoButton,Move,286,157
15083,NoButton,Move,280,155
15096,NoButton,Move,278,154
15112,NoButton,Move,275,154
15129,NoButton,Move,273,154
15145,NoButton,Move,272,154
15145,Left,Pressed,272,154
15222,Left,Released,272,154
15292,Left,Pressed,272,154
15417,Left,Released,272,154
15575,NoButton,Move,273,154
15622,NoButton,Move,274,154
15629,NoButton,Move,275,154
15645,NoButton,Move,276,154
15663,NoButton,Move,277,154
15680,NoButton,Move,282,154
15695,NoButton,Move,293,154
15712,NoButton,Move,317,163
15729,NoButton,Move,370,182
15745,NoButton,Move,448,210
15762,NoButton,Move,601,270
15779,NoButton,Move,688,298
15795,NoButton,Move,760,326
15812,NoButton,Move,826,348
15828,NoButton,Move,895,371
15845,NoButton,Move,956,391
15862,NoButton,Move,1015,408
15878,NoButton,Move,1070,426
15895,NoButton,Move,1129,446
15912,NoButton,Move,1157,454
15928,NoButton,Move,1181,462
15945,NoButton,Move,1194,465
15962,NoButton,Move,1203,467
15978,NoButton,Move,1206,468
15995,NoButton,Move,1207,468
16027,NoButton,Move,1206,468
16043,NoButton,Move,1205,466
16059,NoButton,Move,1204,466
16066,NoButton,Move,1204,464
16078,NoButton,Move,1198,461
16095,NoButton,Move,1188,453
16112,NoButton,Move,1176,445
16128,NoButton,Move,1170,441
16145,NoButton,Move,1159,435
16163,NoButton,Move,1148,432
16178,NoButton,Move,1140,429
16195,NoButton,Move,1132,428
16212,NoButton,Move,1128,427
16228,NoButton,Move,1124,427
16245,NoButton,Move,1121,427
16261,NoButton,Move,1120,426
16278,NoButton,Move,1119,426
16309,Left,Pressed,1119,426
16362,Left,Drag,1127,434
16378,Left,Drag,1139,446
16396,Left,Drag,1173,466
16412,Left,Drag,1194,478
16428,Left,Drag,1220,493
16445,Left,Drag,1248,506
16462,Left,Drag,1268,514
16479,Left,Drag,1276,518
16495,Left,Drag,1284,522
16512,Left,Drag,1284,522
16684,Left,Released,1284,522
16695,NoButton,Move,1284,522
16757,NoButton,Move,1284,521
16843,NoButton,Move,1283,520
16864,NoButton,Move,1278,516
16880,NoButton,Move,1268,508
16894,NoButton,Move,1264,506
16911,NoButton,Move,1244,490
16928,NoButton,Move,1219,473
16944,NoButton,Move,1183,450
16961,NoButton,Move,1125,419
16977,NoButton,Move,1086,400
16994,NoButton,Move,1054,387
17011,NoButton,Move,1031,380
17028,NoButton,Move,1016,374
17044,NoButton,Move,1004,370
17061,NoButton,Move,996,368
17077,NoButton,Move,989,366
17094,NoButton,Move,985,366
17111,NoButton,Move,980,366
17127,NoButton,Move,974,366
17144,NoButton,Move,964,366
17162,NoButton,Move,955,366
17177,NoButton,Move,942,368
17194,NoButton,Move,928,370
17210,NoButton,Move,916,371
17227,NoButton,Move,912,371
17244,NoButton,Move,906,372
17261,NoButton,Move,904,372
17278,NoButton,Move,902,372
17294,NoButton,Move,899,372
17311,NoButton,Move,897,372
17328,NoButton,Move,896,372
17345,NoButton,Move,892,371
17360,NoButton,Move,888,370
17377,NoButton,Move,886,369
17394,NoButton,Move,885,368
17411,NoButton,Move,884,367
17468,Left,Pressed,884,367
17538,Left,Released,884,367
17861,NoButton,Move,884,365
17877,NoButton,Move,880,353
17893,NoButton,Move,878,334
17910,NoButton,Move,875,318
17927,NoButton,Move,872,300
17943,NoButton,Move,872,280
17960,NoButton,Move,870,266
17977,NoButton,Move,868,253
17993,NoButton,Move,868,241
18010,NoButton,Move,868,234
18027,NoButton,Move,867,230
18043,NoButton,Move,866,226
18060,NoButton,Move,864,222
18080,NoButton,Move,864,221
18093,NoButton,Move,864,220
18110,NoButton,Move,863,219
18127,NoButton,Move,861,218
18143,NoButton,Move,860,217
18161,NoButton,Move,859,216
18177,NoButton,Move,857,215
18193,NoButton,Move,855,213
18210,NoButton,Move,852,211
18226,NoButton,Move,848,209
18243,NoButton,Move,846,206
18260,NoButton,Move,842,204
18276,NoButton,Move,837,201
18293,NoButton,Move,836,200
18310,NoButton,Move,834,198
18326,NoButton,Move,832,198
18338,Left,Pressed,832,198
18415,Left,Released,832,198
18486,Left,Pressed,832,198
18595,Left,Released,832,198
18885,NoButton,Move,830,198
18893,NoButton,Move,823,202
18909,NoButton,Move,802,209
18926,NoButton,Move,775,214
18943,NoButton,Move,739,218
18960,NoButton,Move,695,218
18976,NoButton,Move,643,218
18993,NoButton,Move,594,218
19009,NoButton,Move,520,218
19026,NoButton,Move,488,218
19043,NoButton,Move,465,218
19059,NoButton,Move,452,218
19076,NoButton,Move,446,217
19092,NoButton,Move,444,216
19109,NoButton,Move,443,214
19126,NoButton,Move,440,213
19142,NoButton,Move,438,210
19160,NoButton,Move,428,208
19175,NoButton,Move,420,208
19192,NoButton,Move,414,208
19209,NoButton,Move,404,207
19226,NoButton,Move,395,207
19242,NoButton,Move,385,207
19259,NoButton,Move,373,207
19275,NoButton,Move,360,207
19292,NoButton,Move,352,206
19309,NoButton,Move,348,206
19369,Left,Pressed,348,206
19445,Left,Released,348,206
19535,Left,Pressed,348,206
19611,Left,Released,348,206
19715,NoButton,Move,350,206
19725,NoButton,Move,351,206
19742,NoButton,Move,354,206
19759,NoButton,Move,358,206
19775,NoButton,Move,369,207
19792,NoButton,Move,391,212
19808,NoButton,Move,428,216
19825,NoButton,Move,500,228
19842,NoButton,Move,568,247
19858,NoButton,Move,650,273
19875,NoButton,Move,740,304
19892,NoButton,Move,825,334
19908,NoButton,Move,901,370
19925,NoButton,Move,964,405
19942,NoButton,Move,1030,440
19959,NoButton,Move,1058,458
19975,NoButton,Move,1075,470
19992,NoButton,Move,1082,477
20008,NoButton,Move,1088,482
20025,NoButton,Move,1090,483
20042,NoButton,Move,1092,484
20058,NoButton,Move,1093,484
20075,NoButton,Move,1095,484
20091,NoButton,Move,1096,484
20147,NoButton,Move,1096,482
20158,NoButton,Move,1096,481
20175,NoButton,Move,1093,478
20191,NoButton,Move,1090,470
20208,NoButton,Move,1080,456
20225,NoButton,Move,1075,445
20242,NoButton,Move,1066,435
20258,NoButton,Move,1059,427
20274,NoButton,Move,1056,423
20291,NoButton,Move,1052,421
20307,Left,Pressed,1052,421
20387,Left,Released,1052,421
20475,Left,Pressed,1052,421
20551,Left,Released,1052,421
20626,NoButton,Move,1050,421
20641,NoButton,Move,1044,419
20867,NoButton,Move,1040,419
20875,NoButton,Move,1026,418
20891,NoButton,Move,1000,414
20907,NoButton,Move,956,407
20924,NoButton,Move,907,402
20941,NoButton,Move,831,393
20957,NoButton,Move,755,384
20974,NoButton,Move,688,378
20991,NoButton,Move,640,372
21007,NoButton,Move,605,365
21024,NoButton,Move,572,353
21041,NoButton,Move,526,333
21057,NoButton,Move,508,322
21074,NoButton,Move,496,314
21091,NoButton,Move,486,305
21107,NoButton,Move,477,298
21124,NoButton,Move,468,293
21141,NoButton,Move,453,285
21158,NoButton,Move,431,278
21174,NoButton,Move,421,276
21191,NoButton,Move,415,274
21207,NoButton,Move,407,271
21224,NoButton,Move,403,269
21241,NoButton,Move,396,266
21257,NoButton,Move,390,262
21274,NoButton,Move,384,261
21291,NoButton,Move,379,258
21307,NoButton,Move,375,258
21323,NoButton,Move,372,257
21341,NoButton,Move,368,256
21357,NoButton,Move,360,256
21374,NoButton,Move,356,256
21390,NoButton,Move,353,256
21417,NoButton,Move,352,256
21433,NoButton,Move,351,256
21434,Left,Pressed,351,256
21473,Left,Drag,350,256
21493,Left,Released,350,256
21508,NoButton,Move,350,256
21526,NoButton,Move,349,256
21541,NoButton,Move,349,257
21563,NoButton,Move,348,258
21573,NoButton,Move,348,259
21590,NoButton,Move,348,260
21607,NoButton,Move,348,261
21624,NoButton,Move,348,263
21640,NoButton,Move,351,263
21657,NoButton,Move,353,263
21673,NoButton,Move,357,263
21690,NoButton,Move,364,263
21707,NoButton,Move,380,269
21723,NoButton,Move,394,276
21740,NoButton,Move,412,289
21757,NoButton,Move,440,307
21773,NoButton,Move,467,326
21790,NoButton,Move,490,340
21807,NoButton,Move,513,356
21824,NoButton,Move,532,368
21840,NoButton,Move,551,381
21857,NoButton,Move,559,389
21873,NoButton,Move,563,390
21890,NoButton,Move,564,391
21940,NoButton,Move,565,391
21997,NoButton,Move,566,392
22006,NoButton,Move,566,393
22023,NoButton,Move,567,393
22040,NoButton,Move,567,394
22058,NoButton,Move,568,396
22073,NoButton,Move,571,401
22090,NoButton,Move,573,405
22106,NoButton,Move,576,411
22123,NoButton,Move,578,414
22140,NoButton,Move,579,418
22158,NoButton,Move,580,418
22206,Right,Pressed,580,418
22275,Right,Released,580,418
22473,NoButton,Move,582,418
22496,NoButton,Move,585,418
22506,NoButton,Move,590,418
22523,NoButton,Move,608,416
22539,NoButton,Move,642,418
22556,NoButton,Move,677,423
22573,NoButton,Move,718,433
22590,NoButton,Move,767,448
22606,NoButton,Move,812,466
22622,NoButton,Move,888,502
22639,NoButton,Move,935,525
22656,NoButton,Move,960,539
22673,NoButton,Move,980,550
22692,NoButton,Move,1004,562
22706,NoButton,Move,1009,564
22723,NoButton,Move,1016,566
22739,NoButton,Move,1022,568
22756,NoButton,Move,1023,568
22772,NoButton,Move,1024,568
22789,NoButton,Move,1025,568
22806,NoButton,Move,1026,568
22823,NoButton,Move,1028,567
22839,NoButton,Move,1032,566
22856,NoButton,Move,1034,565
22873,NoButton,Move,1036,565
22959,NoButton,Move,1037,565
22983,NoButton,Move,1039,565
22991,NoButton,Move,1040,565
23005,NoButton,Move,1041,565
23022,NoButton,Move,1047,566
23039,NoButton,Move,1052,567
23055,NoButton,Move,1053,568
23076,Left,Pressed,1053,568
23153,Left,Released,1053,568
23305,NoButton,Move,1053,567
23322,NoButton,Move,1051,563
23339,NoButton,Move,1048,558
23355,NoButton,Move,1043,550
23372,NoButton,Move,1039,542
23389,NoButton,Move,1039,536
23405,NoButton,Move,1043,530
23422,NoButton,Move,1049,527
23438,NoButton,Move,1067,525
23455,NoButton,Move,1086,525
23472,NoButton,Move,1104,525
23489,NoButton,Move,1120,528
23505,NoButton,Move,1140,531
23522,NoButton,Move,1154,535
23538,NoButton,Move,1160,536
23697,NoButton,Move,1159,536
23705,NoButton,Move,1158,537
23722,NoButton,Move,1153,537
23738,NoButton,Move,1149,538
23755,NoButton,Move,1144,538
23772,NoButton,Move,1142,540
23788,NoButton,Move,1139,542
23805,NoButton,Move,1136,542
23821,NoButton,Move,1135,542
23838,NoButton,Move,1133,542
23847,NoButton,Move,1132,543
23847,Left,Pressed,1132,543
23855,Left,Drag,1132,543
23871,Left,Drag,1131,543
23915,Left,Drag,1130,543
23915,Left,Released,1130,543
23938,NoButton,Move,1129,543
23954,NoButton,Move,1127,544
23971,NoButton,Move,1124,545
23988,NoButton,Move,1122,545
24005,NoButton,Move,1121,545
24022,NoButton,Move,1120,545
24105,NoButton,Move,1119,545
24122,NoButton,Move,1119,544
24145,NoButton,Move,1106,537
24155,NoButton,Move,1098,532
24171,NoButton,Move,1072,519
24188,NoButton,Move,1023,504
24205,NoButton,Move,976,492
24221,NoButton,Move,907,473
24238,NoButton,Move,854,455
24255,NoButton,Move,744,415
24271,NoButton,Move,685,392
24288,NoButton,Move,614,370
24304,NoButton,Move,546,348
24322,NoButton,Move,484,324
24338,NoButton,Move,432,305
24355,NoButton,Move,376,282
24371,NoButton,Move,356,273
24388,NoButton,Move,342,268
24404,NoButton,Move,328,261
24421,NoButton,Move,315,254
24438,NoButton,Move,302,248
24455,NoButton,Move,288,243
24471,NoButton,Move,276,238
24488,NoButton,Move,263,234
24504,NoButton,Move,254,229
24521,NoButton,Move,234,221
24537,NoButton,Move,221,217
24554,NoButton,Move,209,213
24571,NoButton,Move,201,209
24588,NoButton,Move,192,204
24604,NoButton,Move,187,201
24621,NoButton,Move,181,198
24637,NoButton,Move,176,194
24654,NoButton,Move,173,192
24671,NoButton,Move,173,190
24688,NoButton,Move,172,190
24717,Left,Pressed,172,190
24793,Left,Released,172,190
24905,NoButton,Move,174,190
24920,NoButton,Move,179,190
24938,NoButton,Move,185,194
24954,NoButton,Move,196,198
24971,NoButton,Move,212,204
24988,NoButton,Move,243,217
25004,NoButton,Move,300,242
25020,NoButton,Move,392,279
25037,NoButton,Move,452,309
25054,NoButton,Move,512,338
25071,NoButton,Move,575,369
25088,NoButton,Move,640,399
25104,NoButton,Move,705,429
25121,NoButton,Move,751,449
25138,NoButton,Move,788,462
25155,NoButton,Move,820,467
25170,NoButton,Move,831,467
25187,NoButton,Move,855,467
25204,NoButton,Move,866,465
25221,NoButton,Move,873,462
25237,NoButton,Move,880,458
25254,NoButton,Move,888,451
25271,NoButton,Move,896,445
25288,NoButton,Move,901,440
25305,NoButton,Move,905,432
25320,NoButton,Move,907,427
25337,NoButton,Move,908,421
25354,NoButton,Move,911,412
25370,NoButton,Move,912,402
25387,NoButton,Move,912,393
25405,NoButton,Move,912,378
25420,NoButton,Move,912,374
25436,NoButton,Move,912,367
25454,NoButton,Move,912,363
25470,NoButton,Move,912,359
25487,NoButton,Move,912,358
25503,NoButton,Move,912,357
25522,Right,Pressed,912,357
25607,Right,Released,912,357
25653,NoButton,Move,914,357
25843,NoButton,Move,913,359
25853,NoButton,Move,910,364
25870,NoButton,Move,904,374
25886,NoButton,Move,888,387
25903,NoButton,Move,872,400
25920,NoButton,Move,844,412
25936,NoButton,Move,799,421
25953,NoButton,Move,784,422
25970,NoButton,Move,757,428
25986,NoButton,Move,755,430
26006,NoButton,Move,756,430
26020,NoButton,Move,763,429
26036,NoButton,Move,788,426
26053,NoButton,Move,822,422
26070,NoButton,Move,929,414
26086,NoButton,Move,1012,408
26103,NoButton,Move,1094,405
26120,NoButton,Move,1146,405
26136,NoButton,Move,1171,405
26154,NoButton,Move,1186,405
26169,NoButton,Move,1190,405
26186,NoButton,Move,1191,405
26257,NoButton,Move,1192,405
26269,NoButton,Move,1193,405
26404,Left,Pressed,1193,405
26429,Left,Drag,1192,404
26437,Left,Drag,1184,404
26454,Left,Drag,1138,404
26470,Left,Drag,1080,404
26487,Left,Drag,994,404
26504,Left,Drag,886,404
26520,Left,Drag,791,404
26537,Left,Drag,595,411
26553,Left,Drag,500,414
26570,Left,Drag,420,417
26587,Left,Drag,372,417
26603,Left,Drag,346,418
26620,Left,Drag,327,420
26636,Left,Drag,317,421
26653,Left,Drag,311,423
26670,Left,Drag,309,423
26686,Left,Drag,306,424
26703,Left,Drag,301,425
26719,Left,Drag,295,426
26736,Left,Drag,287,427
26753,Left,Drag,282,428
26769,Left,Drag,280,429
26786,Left,Drag,276,429
26803,Left,Drag,272,430
26819,Left,Drag,270,430
26836,Left,Drag,269,430
26853,Left,Drag,268,430
26869,Left,Drag,268,430
26871,Left,Released,268,430
26902,NoButton,Move,268,430
26959,NoButton,Move,270,430
26969,NoButton,Move,272,430
26985,NoButton,Move,277,430
27002,NoButton,Move,289,430
27019,NoButton,Move,314,427
27035,NoButton,Move,374,422
27052,NoButton,Move,433,415
27069,NoButton,Move,540,410
27086,NoButton,Move,596,410
27102,NoButton,Move,658,410
27119,NoButton,Move,709,410
27135,NoButton,Move,749,411
27153,NoButton,Move,776,416
27168,NoButton,Move,793,420
27186,NoButton,Move,797,421
27235,NoButton,Move,788,422
27252,NoButton,Move,764,427
27269,NoButton,Move,731,432
27286,NoButton,Move,700,441
27302,NoButton,Move,653,458
27318,NoButton,Move,568,483
27335,NoButton,Move,526,494
27352,NoButton,Move,492,503
27368,NoButton,Move,460,514
27385,NoButton,Move,445,518
27402,NoButton,Move,439,519
27418,NoButton,Move,435,521
27435,NoButton,Move,431,522
27485,NoButton,Move,429,522
27502,NoButton,Move,426,522
27521,NoButton,Move,416,518
27535,NoButton,Move,412,516
27552,NoButton,Move,406,512
27568,NoButton,Move,397,504
27585,NoButton,Move,395,501
27602,NoButton,Move,388,498
27622,NoButton,Move,378,494
27635,NoButton,Move,376,494
27652,NoButton,Move,372,493
27668,NoButton,Move,371,493
27685,NoButton,Move,369,492
27709,NoButton,Move,368,492
27714,Left,Pressed,368,492
27793,Left,Released,368,492
27911,NoButton,Move,369,492
27918,NoButton,Move,372,491
27935,NoButton,Move,383,490
27951,NoButton,Move,407,486
27968,NoButton,Move,443,482
27984,NoButton,Move,514,471
28001,NoButton,Move,573,463
28018,NoButton,Move,620,455
28034,NoButton,Move,646,450
28051,NoButton,Move,673,445
28068,NoButton,Move,686,443
28084,NoButton,Move,694,441
28102,NoButton,Move,704,439
28118,NoButton,Move,711,437
28134,NoButton,Move,714,436
28153,NoButton,Move,714,435
28168,NoButton,Move,715,434
28185,NoButton,Move,715,431
28201,NoButton,Move,715,430
28222,NoButton,Move,714,428
28234,NoButton,Move,711,425
28252,NoButton,Move,705,422
28268,NoButton,Move,700,418
28284,NoButton,Move,693,416
28301,NoButton,Move,680,413
28318,NoButton,Move,669,410
28334,NoButton,Move,660,409
28351,NoButton,Move,656,407
28367,NoButton,Move,652,406
28394,NoButton,Move,651,406
28411,NoButton,Move,650,406
28427,Left,Pressed,650,406
28487,Left,Released,650,406
28575,Left,Pressed,650,406
28659,Left,Released,650,406
28801,NoButton,Move,651,406
28817,NoButton,Move,652,406
28834,NoButton,Move,656,405
28851,NoButton,Move,660,404
28868,NoButton,Move,665,403
28885,NoButton,Move,667,403
28934,NoButton,Move,665,404
28951,NoButton,Move,649,410
28967,NoButton,Move,630,414
28984,NoButton,Move,602,424
29000,NoButton,Move,564,434
29017,NoButton,Move,513,446
29034,NoButton,Move,482,454
29050,NoButton,Move,423,466
29067,NoButton,Move,388,474
29084,NoButton,Move,364,480
29100,NoButton,Move,348,483
29117,NoButton,Move,341,485
29134,NoButton,Move,337,485
29151,NoButton,Move,333,486
29168,NoButton,Move,330,486
29184,NoButton,Move,324,486
29200,NoButton,Move,321,486
29217,NoButton,Move,318,485
29233,NoButton,Move,316,483
29250,NoButton,Move,314,482
29267,NoButton,Move,312,479
29286,NoButton,Move,312,476
29300,NoButton,Move,310,474
29317,NoButton,Move,309,474
29333,NoButton,Move,309,472
29403,NoButton,Move,308,472
29518,Left,Pressed,308,472
29603,Left,Released,308,472
29691,NoButton,Move,311,472
29700,NoButton,Move,312,472
29716,NoButton,Move,324,472
29733,NoButton,Move,344,472
29750,NoButton,Move,372,469
29766,NoButton,Move,413,463
29784,NoButton,Move,476,455
29800,NoButton,Move,566,446
29816,NoButton,Move,607,440
29833,NoButton,Move,630,436
29850,NoButton,Move,647,428
29867,NoButton,Move,661,421
29883,NoButton,Move,672,412
29899,NoButton,Move,675,407
29916,NoButton,Move,675,400
29933,NoButton,Move,669,384
29949,NoButton,Move,658,366
29966,NoButton,Move,644,344
29983,NoButton,Move,630,323
30000,NoButton,Move,611,298
30016,NoButton,Move,591,277
30033,NoButton,Move,572,259
30049,NoButton,Move,550,242
30066,NoButton,Move,527,228
30083,NoButton,Move,518,222
30100,NoButton,Move,511,218
30116,NoButton,Move,506,216
30133,NoButton,Move,504,214
30166,NoButton,Move,503,214
30183,NoButton,Move,502,213
30200,NoButton,Move,502,212
30260,Left,Pressed,502,212
30337,Left,Released,502,212
30425,Left,Pressed,502,212
30533,Left,Released,502,212
30801,NoButton,Move,503,212
30815,NoButton,Move,508,212
30832,NoButton,Move,539,222
30849,NoButton,Move,588,237
30865,NoButton,Move,657,253
30882,NoButton,Move,740,271
30899,NoButton,Move,839,288
30915,NoButton,Move,943,312
30932,NoButton,Move,1031,330
30949,NoButton,Move,1098,344
30966,NoButton,Move,1176,357
30982,NoButton,Move,1202,359
30999,NoButton,Move,1207,359
31182,NoButton,Move,1201,359
31198,NoButton,Move,1193,359
31215,NoButton,Move,1187,359
31232,NoButton,Move,1181,358
31248,NoButton,Move,1175,357
31265,NoButton,Move,1173,357
31282,NoButton,Move,1169,356
31298,NoButton,Move,1164,355
31315,NoButton,Move,1160,354
31332,NoButton,Move,1155,354
31348,NoButton,Move,1154,354
31365,NoButton,Move,1153,354
31382,NoButton,Move,1152,354
31413,Left,Pressed,1152,354
31461,Left,Drag,1152,354
31489,Left,Released,1152,354
31564,NoButton,Move,1152,356
31584,NoButton,Move,1151,360
31600,NoButton,Move,1152,360
31789,NoButton,Move,1150,360
31798,NoButton,Move,1146,359
31815,NoButton,Move,1126,358
31831,NoButton,Move,1095,358
31848,NoButton,Move,1050,357
31866,NoButton,Move,984,355
31881,NoButton,Move,929,354
31898,NoButton,Move,868,352
31915,NoButton,Move,841,351
31931,NoButton,Move,828,348
31948,NoButton,Move,819,346
31964,NoButton,Move,817,346
31982,NoButton,Move,816,346
31999,NoButton,Move,816,345
32014,NoButton,Move,816,344
32031,NoButton,Move,816,343
32047,NoButton,Move,816,342
32064,NoButton,Move,816,341
32081,NoButton,Move,815,338
32098,NoButton,Move,815,336
32114,NoButton,Move,815,334
32131,NoButton,Move,814,329
32148,NoButton,Move,814,326
32165,NoButton,Move,813,322
32181,NoButton,Move,812,320
32198,NoButton,Move,809,316
32214,NoButton,Move,807,314
32231,NoButton,Move,806,313
32248,NoButton,Move,805,312
32250,Left,Pressed,805,312
32264,Left,Drag,804,311
32294,Left,Drag,804,310
32317,Left,Released,804,310
32331,NoButton,Move,804,310
32404,Left,Pressed,804,310
32505,Left,Released,804,310
32687,NoButton,Move,805,310
32797,NoButton,Move,804,310
32814,NoButton,Move,802,311
32831,NoButton,Move,793,316
32850,NoButton,Move,777,330
32864,NoButton,Move,771,334
32880,NoButton,Move,747,351
32897,NoButton,Move,729,361
32914,NoButton,Move,711,370
32930,NoButton,Move,696,378
32947,NoButton,Move,685,382
32964,NoButton,Move,675,386
32981,NoButton,Move,670,388
32997,NoButton,Move,668,389
33013,NoButton,Move,668,390
33139,NoButton,Move,669,390
33147,NoButton,Move,670,390
33163,NoButton,Move,673,388
33180,NoButton,Move,679,386
33197,NoButton,Move,684,384
33213,NoButton,Move,688,382
33230,NoButton,Move,691,381
33246,NoButton,Move,692,380
33286,Right,Pressed,692,380
33365,Right,Released,692,380
33625,NoButton,Move,692,382
33633,NoButton,Move,695,386
33647,NoButton,Move,699,392
33663,NoButton,Move,719,417
33680,NoButton,Move,740,441
33696,NoButton,Move,768,471
33713,NoButton,Move,791,494
33730,NoButton,Move,810,511
33747,NoButton,Move,826,522
33763,NoButton,Move,836,529
33779,NoButton,Move,840,530
33961,Left,Pressed,840,530
33986,Left,Drag,833,530
33996,Left,Drag,828,530
34013,Left,Drag,806,530
34030,Left,Drag,764,531
34047,Left,Drag,692,531
34064,Left,Drag,616,531
34080,Left,Drag,541,533
34097,Left,Drag,479,533
34113,Left,Drag,430,533
34130,Left,Drag,399,533
34148,Left,Drag,377,534
34163,Left,Drag,363,534
34180,Left,Drag,356,534
34196,Left,Drag,351,534
34213,Left,Drag,340,534
34230,Left,Drag,328,534
34247,Left,Drag,315,534
34263,Left,Drag,300,534
34280,Left,Drag,284,534
34297,Left,Drag,265,534
34313,Left,Drag,244,536
34329,Left,Drag,233,536
34346,Left,Drag,225,537
34363,Left,Drag,222,538
34380,Left,Drag,221,538
34460,Left,Released,221,538
34462,NoButton,Move,221,538
34555,NoButton,Move,222,538
34563,NoButton,Move,224,538
34579,NoButton,Move,225,538
34595,NoButton,Move,228,538
34612,NoButton,Move,229,538
34629,NoButton,Move,230,538
34646,NoButton,Move,231,538
34665,NoButton,Move,232,538
34712,NoButton,Move,235,538
34729,NoButton,Move,253,538
34746,NoButton,Move,281,538
34762,NoButton,Move,325,538
34779,NoButton,Move,396,538
34795,NoButton,Move,490,538
34812,NoButton,Move,609,538
34828,NoButton,Move,752,538
34845,NoButton,Move,971,538
34862,NoButton,Move,1123,538
34879,NoButton,Move,1247,538
34895,NoButton,Move,1341,538
34912,NoButton,Move,1407,538
34928,NoButton,Move,1440,538
34945,NoButton,Move,1461,538
34962,NoButton,Move,1469,538
34979,NoButton,Move,1477,539
34995,NoButton,Move,1478,539
35012,NoButton,Move,1479,539
35040,NoButton,Move,1480,539
35048,NoButton,Move,1481,540
35062,NoButton,Move,1483,541
35078,NoButton,Move,1487,543
35095,NoButton,Move,1491,546
35112,NoButton,Move,1491,551
35128,NoButton,Move,1488,556
35145,NoButton,Move,1484,562
35163,NoButton,Move,1475,570
35178,NoButton,Move,1463,578
35195,NoButton,Move,1448,585
35212,NoButton,Move,1436,590
35228,NoButton,Move,1428,594
35245,NoButton,Move,1421,598
35261,NoButton,Move,1420,598
35278,NoButton,Move,1419,598
35295,NoButton,Move,1418,598
35313,NoButton,Move,1418,599
35328,NoButton,Move,1417,599
35345,NoButton,Move,1416,599
35369,NoButton,Move,1415,599
35378,NoButton,Move,1413,599
35395,NoButton,Move,1408,599
35411,NoButton,Move,1404,599
35428,NoButton,Move,1403,599
35484,Left,Pressed,1403,599
35553,Left,Released,1403,599
35619,NoButton,Move,1402,599
35628,NoButton,Move,1401,599
35644,NoButton,Move,1400,599
35661,NoButton,Move,1395,599
35678,NoButton,Move,1391,599
35695,NoButton,Move,1387,599
35711,NoButton,Move,1378,599
35728,NoButton,Move,1365,596
35744,NoButton,Move,1343,591
35762,NoButton,Move,1325,586
35779,NoButton,Move,1309,578
35794,NoButton,Move,1291,566
35811,NoButton,Move,1273,547
35828,NoButton,Move,1261,530
35844,NoButton,Move,1249,508
35861,NoButton,Move,1233,463
35878,NoButton,Move,1228,438
35894,NoButton,Move,1224,410
35911,NoButton,Move,1216,378
35928,NoButton,Move,1204,346
35944,NoButton,Move,1194,326
35962,NoButton,Move,1182,304
35979,NoButton,Move,1171,286
35995,NoButton,Move,1169,284
36011,NoButton,Move,1162,274
36028,NoButton,Move,1156,267
36044,NoButton,Move,1154,266
36061,NoButton,Move,1150,261
36078,NoButton,Move,1147,258
36094,NoButton,Move,1142,254
36111,NoButton,Move,1136,250
36128,NoButton,Move,1126,242
36144,NoButton,Move,1120,237
36162,NoButton,Move,1116,233
36178,NoButton,Move,1112,229
36194,NoButton,Move,1109,224
36211,NoButton,Move,1104,218
36228,NoButton,Move,1100,213
36244,NoButton,Move,1096,207
36261,NoButton,Move,1091,200
36277,NoButton,Move,1088,194
36294,NoButton,Move,1084,193
36311,NoButton,Move,1084,192
36327,NoButton,Move,1083,192
36344,NoButton,Move,1081,192
36456,Left,Pressed,1081,192
36557,Left,Released,1081,192
36629,NoButton,Move,1080,192
36645,NoButton,Move,1078,192
36660,NoButton,Move,1075,194
36677,NoButton,Move,1069,197
36694,NoButton,Move,1064,198
36710,NoButton,Move,1047,205
36728,NoButton,Move,1032,211
36745,NoButton,Move,1008,222
36760,NoButton,Move,992,231
36777,NoButton,Move,969,241
36793,NoButton,Move,953,250
36810,NoButton,Move,943,258
36827,NoButton,Move,935,269
36844,NoButton,Move,932,279
36860,NoButton,Move,932,290
36877,NoButton,Move,942,307
36893,NoButton,Move,963,326
36910,NoButton,Move,1057,371
36927,NoButton,Move,1132,401
36944,NoButton,Move,1202,431
36960,NoButton,Move,1256,456
36977,NoButton,Move,1312,484
36993,NoButton,Move,1343,502
37010,NoButton,Move,1359,512
37027,NoButton,Move,1368,519
37043,NoButton,Move,1369,520
37160,NoButton,Move,1369,522
37191,NoButton,Move,1369,523
37198,NoButton,Move,1369,524
37210,NoButton,Move,1369,525
37227,NoButton,Move,1369,526
37262,Right,Pressed,1369,526
37337,Right,Released,1369,526
37487,NoButton,Move,1368,526
37495,NoButton,Move,1366,526
37510,NoButton,Move,1363,526
37526,NoButton,Move,1356,529
37543,NoButton,Move,1332,529
37559,NoButton,Move,1309,524
37576,NoButton,Move,1286,514
37593,NoButton,Move,1259,498
37610,NoButton,Move,1239,482
37626,NoButton,Move,1223,462
37643,NoButton,Move,1203,433
37659,NoButton,Move,1186,390
37676,NoButton,Move,1178,358
37693,NoButton,Move,1176,334
37709,NoButton,Move,1176,307
37726,NoButton,Move,1177,290
37743,NoButton,Move,1177,274
37761,NoButton,Move,1177,256
37776,NoButton,Move,1177,244
37793,NoButton,Move,1176,235
37810,NoButton,Move,1175,228
37826,NoButton,Move,1174,221
37843,NoButton,Move,1173,216
37859,NoButton,Move,1172,210
37876,NoButton,Move,1170,202
37893,NoButton,Move,1167,196
37909,NoButton,Move,1161,186
37926,NoButton,Move,1156,179
37943,NoButton,Move,1153,176
37959,NoButton,Move,1148,171
37976,NoButton,Move,1144,166
37992,NoButton,Move,1141,162
38009,NoButton,Move,1137,160
38026,NoButton,Move,1135,158
38043,NoButton,Move,1134,158
38064,NoButton,Move,1133,158
38072,Left,Pressed,1133,158
38133,Left,Released,1133,158
38229,Left,Pressed,1133,158
38329,Left,Released,1133,158
38417,NoButton,Move,1133,159
38425,NoButton,Move,1133,160
38443,NoButton,Move,1134,164
38459,NoButton,Move,1139,167
38475,NoButton,Move,1145,170
38492,NoButton,Move,1162,176
38509,NoButton,Move,1180,186
38525,NoButton,Move,1182,186
38734,NoButton,Move,1176,186
38742,NoButton,Move,1163,186
38758,NoButton,Move,1131,186
38775,NoButton,Move,1094,186
38792,NoButton,Move,1065,184
38809,NoButton,Move,1040,182
38825,NoButton,Move,1018,180
38842,NoButton,Move,1001,176
38858,NoButton,Move,993,174
38875,NoButton,Move,988,171
38892,NoButton,Move,983,169
38912,NoButton,Move,980,167
38925,NoButton,Move,979,166
38942,NoButton,Move,977,164
38958,NoButton,Move,974,159
38975,NoButton,Move,969,154
38992,NoButton,Move,965,152
39008,NoButton,Move,961,147
39025,NoButton,Move,960,145
39042,NoButton,Move,956,141
39060,NoButton,Move,954,138
39075,NoButton,Move,954,137
39101,Left,Pressed,954,137
39125,Left,Drag,954,136
39161,Left,Released,954,136
39176,NoButton,Move,954,136
39257,Left,Pressed,954,136
39349,Left,Released,954,136
39396,NoButton,Move,954,137
39408,NoButton,Move,954,138
39458,NoButton,Move,953,138
39485,NoButton,Move,953,139
39491,NoButton,Move,952,139
39541,NoButton,Move,950,142
39558,NoButton,Move,947,142
39574,NoButton,Move,942,146
39592,NoButton,Move,924,154
39609,NoButton,Move,903,167
39624,NoButton,Move,900,171
39641,NoButton,Move,893,180
39658,NoButton,Move,893,183
39674,NoButton,Move,895,188
39691,NoButton,Move,901,192
39708,NoButton,Move,918,196
39724,NoButton,Move,972,198
39741,NoButton,Move,1040,198
39758,NoButton,Move,1111,198
39774,NoButton,Move,1213,192
39791,NoButton,Move,1251,187
39808,NoButton,Move,1281,183
39824,NoButton,Move,1299,182
39841,NoButton,Move,1303,181
40026,NoButton,Move,1303,178
40049,NoButton,Move,1303,176
40062,NoButton,Move,1303,175
40074,NoButton,Move,1304,174
40110,Left,Pressed,1304,174
40141,Left,Drag,1300,174
40159,Left,Drag,1290,174
40175,Left,Drag,1271,177
40192,Left,Drag,1238,183
40208,Left,Drag,1180,194
40225,Left,Drag,1116,206
40242,Left,Drag,1047,220
40258,Left,Drag,957,234
40275,Left,Drag,854,245
40291,Left,Drag,807,246
40308,Left,Drag,768,248
40325,Left,Drag,743,249
40342,Left,Drag,723,251
40358,Left,Drag,706,253
40375,Left,Drag,691,256
40391,Left,Drag,665,262
40408,Left,Drag,647,266
40419,Left,Drag,632,270
40437,Left,Drag,620,275
40453,Left,Drag,608,279
40469,Left,Drag,602,282
40486,Left,Drag,600,282
40502,Left,Drag,600,282
40552,Left,Drag,599,282
40569,Left,Drag,598,283
40598,Left,Drag,597,283
40669,Left,Released,597,283
40686,NoButton,Move,597,283
40740,NoButton,Move,597,284
40752,NoButton,Move,598,286
40768,NoButton,Move,601,291
40785,NoButton,Move,606,298
40801,NoButton,Move,620,309
40818,NoButton,Move,628,314
40835,NoButton,Move,639,324
40852,NoButton,Move,652,338
40868,NoButton,Move,672,354
40885,NoButton,Move,693,363
40902,NoButton,Move,714,370
40918,NoButton,Move,734,374
40935,NoButton,Move,750,374
40952,NoButton,Move,768,367
40968,NoButton,Move,778,354
40985,NoButton,Move,788,339
41001,NoButton,Move,798,319
41018,NoButton,Move,813,289
41035,NoButton,Move,828,261
41052,NoButton,Move,844,230
41068,NoButton,Move,861,197
41085,NoButton,Move,875,169
41101,NoButton,Move,877,162
41118,NoButton,Move,878,158
41135,NoButton,Move,879,157
41201,NoButton,Move,880,157
41226,NoButton,Move,881,157
41242,NoButton,Move,883,157
41251,NoButton,Move,884,157
41268,NoButton,Move,887,157
41284,NoButton,Move,891,157
41301,NoButton,Move,896,158
41318,NoButton,Move,900,161
41334,NoButton,Move,903,162
41351,NoButton,Move,906,164
41368,NoButton,Move,908,166
41385,NoButton,Move,908,167
41406,NoButton,Move,908,168
41453,Left,Pressed,908,168
41530,Left,Released,908,168
41844,NoButton,Move,908,172
41852,NoButton,Move,905,179
41868,NoButton,Move,899,200
41884,NoButton,Move,891,228
41901,NoButton,Move,882,263
41918,NoButton,Move,875,302
41934,NoButton,Move,868,349
41951,NoButton,Move,862,395
41968,NoButton,Move,858,435
41984,NoButton,Move,854,468
42001,NoButton,Move,848,493
42017,NoButton,Move,846,510
42034,NoButton,Move,843,523
42051,NoButton,Move,843,526
42067,NoButton,Move,843,530
42084,NoButton,Move,843,532
42101,NoButton,Move,840,533
42117,NoButton,Move,840,535
42134,NoButton,Move,839,538
42228,Right,Pressed,839,538
42320,Right,Released,839,538
42582,NoButton,Move,838,538
42601,NoButton,Move,834,538
42620,NoButton,Move,825,538
42633,NoButton,Move,800,524
42650,NoButton,Move,757,502
42667,NoButton,Move,722,486
42683,NoButton,Move,689,482
42700,NoButton,Move,643,473
42716,NoButton,Move,621,471
42733,NoButton,Move,607,469
42750,NoButton,Move,594,468
42767,NoButton,Move,588,468
42783,NoButton,Move,585,468
42800,NoButton,Move,581,468
42816,NoButton,Move,578,468
42833,NoButton,Move,573,468
42850,NoButton,Move,563,468
42866,NoButton,Move,557,468
42883,NoButton,Move,555,468
42982,Right,Pressed,555,468
43066,Right,Released,555,468
43288,NoButton,Move,556,468
43299,NoButton,Move,558,468
43316,NoButton,Move,566,468
43333,NoButton,Move,590,468
43349,NoButton,Move,647,486
43366,NoButton,Move,679,499
43383,NoButton,Move,717,518
43399,NoButton,Move,738,529
43416,NoButton,Move,756,539
43433,NoButton,Move,764,547
43449,NoButton,Move,772,557
43467,NoButton,Move,777,563
43484,NoButton,Move,781,571
43499,NoButton,Move,784,575
43516,NoButton,Move,790,578
43533,NoButton,Move,798,582
43549,NoButton,Move,807,583
43566,NoButton,Move,814,584
43583,NoButton,Move,819,584
43599,NoButton,Move,820,584
43616,NoButton,Move,823,584
43632,NoButton,Move,825,584
43649,NoButton,Move,828,583
43666,NoButton,Move,832,582
43682,NoButton,Move,836,580
43699,NoButton,Move,838,579
43716,NoButton,Move,841,578
43732,NoButton,Move,844,577
43749,NoButton,Move,848,575
43766,NoButton,Move,851,574
43783,NoButton,Move,852,574
43804,Left,Pressed,852,574
43896,Left,Released,852,574
44141,NoButton,Move,852,571
44149,NoButton,Move,855,568
44166,NoButton,Move,860,560
44183,NoButton,Move,864,550
44199,NoButton,Move,866,538
44215,NoButton,Move,866,522
44232,NoButton,Move,859,492
44249,NoButton,Move,836,451
44266,NoButton,Move,815,429
44282,NoButton,Move,790,414
44299,NoButton,Move,760,402
44316,NoButton,Move,732,394
44332,NoButton,Move,712,388
44349,NoButton,Move,693,382
44365,NoButton,Move,683,378
44382,NoButton,Move,674,374
44399,NoButton,Move,672,373
44415,NoButton,Move,672,371
44432,NoButton,Move,672,369
44448,NoButton,Move,671,366
44465,NoButton,Move,670,363
44482,NoButton,Move,670,361
44500,NoButton,Move,670,359
44515,NoButton,Move,670,358
44545,Left,Pressed,670,358
44599,Left,Drag,671,358
44615,Left,Drag,694,353
44633,Left,Drag,725,346
44649,Left,Drag,774,339
44666,Left,Drag,836,333
44683,Left,Drag,899,324
44699,Left,Drag,958,319
44716,Left,Drag,993,316
44733,Left,Drag,1017,314
44749,Left,Drag,1032,312
44765,Left,Drag,1035,311
44782,Left,Drag,1036,311
45038,Left,Drag,1036,312
45048,Left,Drag,1034,314
45065,Left,Drag,1033,318
45082,Left,Drag,1032,322
45099,Left,Drag,1032,326
45115,Left,Drag,1032,330
45131,Left,Drag,1030,334
45149,Left,Drag,1030,336
45165,Left,Drag,1030,337
45182,Left,Drag,1030,338
45198,Left,Drag,1030,339
45215,Left,Drag,1030,340
45215,Left,Released,1030,340
45231,NoButton,Move,1030,341
45247,NoButton,Move,1030,342
45264,NoButton,Move,1030,343
45288,NoButton,Move,1030,344
45498,NoButton,Move,1024,345
45514,NoButton,Move,1000,346
45531,NoButton,Move,963,347
45548,NoButton,Move,927,347
45564,NoButton,Move,900,347
45581,NoButton,Move,870,342
45598,NoButton,Move,848,335
45614,NoButton,Move,829,327
45631,NoButton,Move,814,318
45647,NoButton,Move,791,306
45664,NoButton,Move,779,298
45681,NoButton,Move,772,292
45698,NoButton,Move,768,289
45718,NoButton,Move,765,286
45731,NoButton,Move,764,285
45748,NoButton,Move,761,283
45764,NoButton,Move,758,282
45780,NoButton,Move,756,281
45797,NoButton,Move,755,280
45844,Left,Pressed,755,280
45920,Left,Released,755,280
46197,NoButton,Move,753,280
46213,NoButton,Move,736,286
46230,NoButton,Move,700,289
46247,NoButton,Move,644,289
46264,NoButton,Move,564,289
46280,NoButton,Move,451,289
46297,NoButton,Move,372,289
46313,NoButton,Move,298,288
46330,NoButton,Move,238,288
46347,NoButton,Move,200,286
46364,NoButton,Move,174,286
46380,NoButton,Move,159,286
46397,NoButton,Move,154,286
46413,NoButton,Move,148,285
46430,NoButton,Move,145,285
46447,NoButton,Move,140,284
46467,NoButton,Move,139,284
46491,NoButton,Move,138,284
46585,Left,Pressed,138,284
46670,Left,Released,138,284
46766,NoButton,Move,139,284
46781,NoButton,Move,140,284
46830,NoButton,Move,142,284
46846,NoButton,Move,143,284
46863,NoButton,Move,144,284
46884,NoButton,Move,146,284
46896,NoButton,Move,148,284
46913,NoButton,Move,157,284
46930,NoButton,Move,216,284
46946,NoButton,Move,298,284
46963,NoButton,Move,423,282
46979,NoButton,Move,583,275
46996,NoButton,Move,765,262
47013,NoButton,Move,955,251
47029,NoButton,Move,1133,246
47046,NoButton,Move,1259,242
47063,NoButton,Move,1349,239
47080,NoButton,Move,1404,234
47096,NoButton,Move,1406,234
47113,NoButton,Move,1404,232
47129,NoButton,Move,1396,230
47147,NoButton,Move,1386,229
47163,NoButton,Move,1380,227
47180,NoButton,Move,1377,225
47196,NoButton,Move,1375,223
47213,NoButton,Move,1373,221
47229,NoButton,Move,1372,220
47246,NoButton,Move,1372,219
47271,NoButton,Move,1372,218
47279,NoButton,Move,1372,217
47296,NoButton,Move,1371,217
47314,NoButton,Move,1364,217
47329,NoButton,Move,1360,217
47346,NoButton,Move,1356,217
47362,NoButton,Move,1354,217
47379,NoButton,Move,1352,217
47399,NoButton,Move,1352,218
47619,Left,Pressed,1352,218
47682,Left,Released,1352,218
47761,Left,Pressed,1352,218
47848,Left,Released,1352,218
48006,NoButton,Move,1351,218
48014,NoButton,Move,1350,218
48029,NoButton,Move,1349,218
48045,NoButton,Move,1344,219
48062,NoButton,Move,1337,221
48079,NoButton,Move,1327,225
48095,NoButton,Move,1309,229
48112,NoButton,Move,1280,234
48129,NoButton,Move,1225,246
48146,NoButton,Move,1143,260
48162,NoButton,Move,1043,274
48179,NoButton,Move,870,302
48196,NoButton,Move,738,321
48212,NoButton,Move,611,337
48229,NoButton,Move,492,351
48245,NoButton,Move,396,357
48262,NoButton,Move,340,360
48278,NoButton,Move,304,360
48295,NoButton,Move,283,360
48312,NoButton,Move,260,360
48328,NoButton,Move,253,360
48345,NoButton,Move,250,360
48362,NoButton,Move,244,360
48378,NoButton,Move,236,360
48395,NoButton,Move,223,360
48412,NoButton,Move,209,360
48429,NoButton,Move,206,359
48445,NoButton,Move,204,358
48462,NoButton,Move,204,356
48478,NoButton,Move,204,354
48495,NoButton,Move,205,353
48512,NoButton,Move,208,351
48528,NoButton,Move,211,350
48545,NoButton,Move,216,347
48561,NoButton,Move,223,345
48578,NoButton,Move,227,344
48595,NoButton,Move,230,342
48611,NoButton,Move,232,342
48628,NoButton,Move,236,342
48645,NoButton,Move,238,342
48661,NoButton,Move,239,342
48678,NoButton,Move,240,342
48701,NoButton,Move,241,342
48711,NoButton,Move,245,342
48728,NoButton,Move,249,342
48745,NoButton,Move,253,342
48761,NoButton,Move,258,342
48778,NoButton,Move,268,342
48794,NoButton,Move,272,342
48812,NoButton,Move,274,342
48828,Left,Pressed,274,342
48868,Left,Drag,275,343
48920,Left,Released,275,343
48928,NoButton,Move,275,343
49102,NoButton,Move,276,343
49118,NoButton,Move,280,343
49128,NoButton,Move,286,343
49145,NoButton,Move,304,343
49162,NoButton,Move,338,343
49178,NoButton,Move,407,346
49194,NoButton,Move,471,352
49211,NoButton,Move,579,362
49228,NoButton,Move,750,382
49244,NoButton,Move,872,406
49261,NoButton,Move,988,432
49278,NoButton,Move,1092,460
49294,NoButton,Move,1180,485
49311,NoButton,Move,1260,505
49328,NoButton,Move,1324,532
49344,NoButton,Move,1342,538
49361,NoButton,Move,1352,542
49377,NoButton,Move,1359,543
49394,NoButton,Move,1362,543
49411,NoButton,Move,1364,543
49428,NoButton,Move,1365,543
49533,NoButton,Move,1364,544
49544,NoButton,Move,1362,546
49561,NoButton,Move,1355,550
49577,NoButton,Move,1348,557
49594,NoButton,Move,1343,564
49611,NoButton,Move,1338,572
49627,NoButton,Move,1337,577
49644,NoButton,Move,1336,582
49661,NoButton,Move,1336,587
49677,NoButton,Move,1336,589
49694,NoButton,Move,1336,591
49710,NoButton,Move,1335,593
49727,NoButton,Move,1335,594
49773,Left,Pressed,1335,594
49850,Left,Released,1335,594
50030,NoButton,Move,1334,594
50044,NoButton,Move,1330,590
50060,NoButton,Move,1318,579
50077,NoButton,Move,1299,564
50093,NoButton,Move,1227,524
50110,NoButton,Move,1148,485
50127,NoButton,Move,1083,454
50143,NoButton,Move,1013,428
50161,NoButton,Move,936,398
50177,NoButton,Move,869,374
50193,NoButton,Move,809,345
50210,NoButton,Move,750,314
50227,NoButton,Move,727,298
50243,NoButton,Move,716,288
50260,NoButton,Move,705,275
50277,NoButton,Move,696,265
50293,NoButton,Move,690,256
50310,NoButton,Move,684,247
50327,NoButton,Move,675,237
50344,NoButton,Move,664,230
50360,NoButton,Move,648,218
50377,NoButton,Move,642,213
50397,NoButton,Move,632,203
50410,NoButton,Move,629,199
50427,NoButton,Move,620,192
50443,NoButton,Move,611,184
50460,NoButton,Move,593,172
50477,NoButton,Move,583,166
50493,NoButton,Move,573,158
50510,NoButton,Move,564,154
50526,NoButton,Move,558,152
50543,NoButton,Move,556,150
50560,NoButton,Move,554,148
50593,Right,Pressed,554,148
50702,Right,Released,554,148
50952,Left,Pressed,541,150
50959,Left,Drag,542,153
50976,Left,Drag,540,153
50993,Left,Drag,540,153
51008,Left,Drag,539,155
51009,Left,Released,539,155
51026,NoButton,Move,538,156
51052,NoButton,Move,538,157
51059,NoButton,Move,537,158
51095,Left,Pressed,537,158
51112,Left,Drag,537,159
51180,Left,Released,537,159
51208,NoButton,Move,537,159
51237,NoButton,Move,537,160
51276,NoButton,Move,537,161
51533,Left,Pressed,537,161
51588,Left,Released,537,161
51642,NoButton,Move,537,162
51682,Left,Pressed,537,162
51760,Left,Released,537,162
51808,NoButton,Move,537,163
51840,NoButton,Move,538,164
51856,NoButton,Move,539,164
51892,NoButton,Move,539,165
51980,NoButton,Move,540,165
52004,NoButton,Move,541,165
52011,NoButton,Move,545,165
52025,NoButton,Move,548,165
52042,NoButton,Move,568,172
52058,NoButton,Move,594,188
52075,NoButton,Move,622,209
52092,NoButton,Move,659,238
52108,NoButton,Move,696,269
52125,NoButton,Move,748,315
52144,NoButton,Move,805,366
52158,NoButton,Move,862,418
52175,NoButton,Move,931,481
52192,NoButton,Move,953,502
52208,NoButton,Move,968,517
52225,NoButton,Move,978,530
52242,NoButton,Move,984,541
52258,NoButton,Move,985,549
52275,NoButton,Move,988,558
52292,NoButton,Move,994,570
52308,NoButton,Move,996,580
52325,NoButton,Move,1000,589
52342,NoButton,Move,1004,599
52358,NoButton,Move,1007,606
52375,NoButton,Move,1010,610
52392,NoButton,Move,1015,616
52408,NoButton,Move,1018,620
52425,NoButton,Move,1021,624
52441,NoButton,Move,1024,627
52458,NoButton,Move,1026,628
52475,NoButton,Move,1027,629
52491,NoButton,Move,1029,629
52508,NoButton,Move,1033,628
52525,NoButton,Move,1044,623
52541,NoButton,Move,1050,619
52558,NoButton,Move,1059,614
52575,NoButton,Move,1067,607
52591,NoButton,Move,1071,605
52608,NoButton,Move,1074,602
52624,NoButton,Move,1075,602
52651,Left,Pressed,1075,602
52674,Left,Drag,1076,602
52736,Left,Released,1076,602
52742,NoButton,Move,1076,602
52832,NoButton,Move,1074,602
52841,NoButton,Move,1072,603
52858,NoButton,Move,1067,605
52874,NoButton,Move,1068,605
53066,NoButton,Move,1064,604
53074,NoButton,Move,1052,602
53091,NoButton,Move,1008,592
53108,NoButton,Move,936,578
53124,NoButton,Move,873,570
53142,NoButton,Move,792,563
53157,NoButton,Move,672,549
53174,NoButton,Move,611,542
53191,NoButton,Move,561,536
53207,NoButton,Move,505,530
53224,NoButton,Move,460,522
53241,NoButton,Move,424,516
53258,NoButton,Move,391,511
53274,NoButton,Move,357,505
53291,NoButton,Move,320,497
53307,NoButton,Move,287,492
53324,NoButton,Move,248,485
53341,NoButton,Move,220,482
53357,NoButton,Move,198,478
53374,NoButton,Move,187,477
53391,NoButton,Move,180,475
53407,NoButton,Move,179,474
53424,NoButton,Move,176,474
53441,NoButton,Move,173,472
53457,NoButton,Move,168,471
53474,NoButton,Move,162,470
53491,NoButton,Move,158,469
53508,NoButton,Move,156,466
53525,NoButton,Move,154,465
53541,NoButton,Move,152,462
53557,NoButton,Move,148,457
53574,NoButton,Move,146,453
53590,NoButton,Move,143,450
53607,NoButton,Move,142,448
53624,NoButton,Move,141,447
53641,NoButton,Move,140,446
53650,Left,Pressed,140,446
53734,Left,Released,140,446
53806,NoButton,Move,142,446
53831,NoButton,Move,148,446
53848,NoButton,Move,151,446
53857,NoButton,Move,152,446
53875,NoButton,Move,164,443
53890,NoButton,Move,170,442
53907,NoButton,Move,189,441
53924,NoButton,Move,213,442
53940,NoButton,Move,288,442
53957,NoButton,Move,356,442
53973,NoButton,Move,441,442
53990,NoButton,Move,517,442
54007,NoButton,Move,601,442
54024,NoButton,Move,702,445
54040,NoButton,Move,836,446
54057,NoButton,Move,922,446
54073,NoButton,Move,1000,446
54090,NoButton,Move,1064,446
54107,NoButton,Move,1115,446
54123,NoButton,Move,1153,446
54140,NoButton,Move,1181,446
54158,NoButton,Move,1204,442
54173,NoButton,Move,1224,438
54190,NoButton,Move,1242,433
54207,NoButton,Move,1251,429
54224,NoButton,Move,1259,426
54240,NoButton,Move,1268,420
54257,NoButton,Move,1278,415
54273,NoButton,Move,1284,413
54290,NoButton,Move,1288,410
54307,NoButton,Move,1288,409
54325,NoButton,Move,1289,408
54340,NoButton,Move,1292,406
54357,NoButton,Move,1300,404
54375,NoButton,Move,1308,402
54390,NoButton,Move,1309,401
54406,NoButton,Move,1312,400
54423,NoButton,Move,1316,398
54440,NoButton,Move,1324,397
54456,NoButton,Move,1331,395
54473,NoButton,Move,1340,393
54490,NoButton,Move,1346,391
54506,NoButton,Move,1349,390
54523,NoButton,Move,1353,388
54539,NoButton,Move,1355,387
54556,NoButton,Move,1356,387
54572,NoButton,Move,1357,387
54589,NoButton,Move,1358,387
54606,NoButton,Move,1359,387
54608,Left,Pressed,1359,387
54678,Left,Released,1359,387
54765,Left,Pressed,1359,387
54858,Left,Released,1359,387
55032,NoButton,Move,1360,387
55048,NoButton,Move,1356,386
55056,NoButton,Move,1352,384
55072,NoButton,Move,1345,382
55089,NoButton,Move,1334,380
55106,NoButton,Move,1318,380
55122,NoButton,Move,1314,383
55139,NoButton,Move,1308,390
55157,NoButton,Move,1306,398
55173,NoButton,Move,1304,413
55189,NoButton,Move,1304,435
55206,NoButton,Move,1306,452
55222,NoButton,Move,1312,467
55239,NoButton,Move,1317,482
55256,NoButton,Move,1326,498
55272,NoButton,Move,1336,514
55289,NoButton,Move,1342,524
55306,NoButton,Move,1353,537
55322,NoButton,Move,1357,542
55339,NoButton,Move,1360,546
55356,NoButton,Move,1364,550
55372,NoButton,Move,1364,551
55389,NoButton,Move,1365,552
55406,NoButton,Move,1367,553
55423,NoButton,Move,1371,554
55439,NoButton,Move,1376,556
55455,NoButton,Move,1382,558
55472,NoButton,Move,1388,561
55489,NoButton,Move,1393,562
55505,NoButton,Move,1397,563
55523,NoButton,Move,1403,565
55540,NoButton,Move,1406,566
55555,NoButton,Move,1409,566
55580,NoButton,Move,1410,566
55581,Left,Pressed,1410,566
55642,Left,Released,1410,566
55737,Left,Pressed,1410,566
55814,Left,Released,1410,566
55980,NoButton,Move,1410,564
55988,NoButton,Move,1410,562
56005,NoButton,Move,1410,560
56022,NoButton,Move,1410,558
56038,NoButton,Move,1409,552
56055,NoButton,Move,1404,548
56072,NoButton,Move,1389,543
56088,NoButton,Move,1362,540
56105,NoButton,Move,1325,540
56122,NoButton,Move,1280,543
56138,NoButton,Move,1253,549
56156,NoButton,Move,1233,554
56171,NoButton,Move,1216,558
56188,NoButton,Move,1208,562
56205,NoButton,Move,1197,567
56221,NoButton,Move,1188,573
56238,NoButton,Move,1174,578
56255,NoButton,Move,1165,581
56271,NoButton,Move,1161,581
56288,NoButton,Move,1152,582
56305,NoButton,Move,1145,582
56321,NoButton,Move,1140,582
56338,NoButton,Move,1139,582
56355,NoButton,Move,1138,582
56371,NoButton,Move,1136,580
56388,NoButton,Move,1134,578
56405,NoButton,Move,1133,577
56422,NoButton,Move,1132,575
56438,NoButton,Move,1130,573
56473,Right,Pressed,1130,573
56558,Right,Released,1130,573
56754,NoButton,Move,1129,573
56832,NoButton,Move,1129,572
56839,NoButton,Move,1134,566
56854,NoButton,Move,1146,556
56871,NoButton,Move,1188,525
56888,NoButton,Move,1264,462
56904,NoButton,Move,1295,431
56921,NoButton,Move,1324,394
56938,NoButton,Move,1341,370
56954,NoButton,Move,1348,353
56971,NoButton,Move,1354,337
56988,NoButton,Move,1356,315
57004,NoButton,Move,1356,306
57021,NoButton,Move,1356,299
57037,NoButton,Move,1356,291
57054,NoButton,Move,1358,286
57071,NoButton,Move,1360,282
57087,NoButton,Move,1363,278
57104,NoButton,Move,1365,275
57121,NoButton,Move,1368,271
57137,NoButton,Move,1370,270
57155,NoButton,Move,1371,266
57224,Left,Pressed,1371,266
57308,Left,Released,1371,266
57395,Left,Pressed,1371,266
57478,Left,Released,1371,266
57558,NoButton,Move,1370,266
57570,NoButton,Move,1368,266
57587,NoButton,Move,1366,266
57604,NoButton,Move,1360,266
57620,NoButton,Move,1353,266
57637,NoButton,Move,1340,266
57654,NoButton,Move,1332,266
57670,NoButton,Move,1321,269
57687,NoButton,Move,1314,270
57703,NoButton,Move,1308,271
57720,NoButton,Move,1305,273
57778,NoButton,Move,1308,272
57787,NoButton,Move,1312,270
57803,NoButton,Move,1324,263
57820,NoButton,Move,1338,254
57837,NoButton,Move,1356,243
57853,NoButton,Move,1370,233
57870,NoButton,Move,1384,220
57887,NoButton,Move,1395,205
57903,NoButton,Move,1399,197
57920,NoButton,Move,1402,190
57937,NoButton,Move,1404,184
57953,NoButton,Move,1408,176
57970,NoButton,Move,1409,170
57987,NoButton,Move,1412,166
58003,NoButton,Move,1412,162
58020,NoButton,Move,1414,156
58036,NoButton,Move,1414,154
58053,NoButton,Move,1414,153
58106,Left,Pressed,1414,153
58182,Left,Released,1414,153
58262,Left,Pressed,1414,153
58346,Left,Released,1414,153
58472,NoButton,Move,1413,153
58486,NoButton,Move,1412,153
58503,NoButton,Move,1408,153
58519,NoButton,Move,1400,154
58536,NoButton,Move,1369,158
58553,NoButton,Move,1333,166
58569,NoButton,Move,1292,178
58586,NoButton,Move,1259,194
58603,NoButton,Move,1231,214
58620,NoButton,Move,1208,232
58636,NoButton,Move,1190,253
58653,NoButton,Move,1159,296
58669,NoButton,Move,1139,325
58686,NoButton,Move,1120,352
58703,NoButton,Move,1107,376
58719,NoButton,Move,1103,393
58736,NoButton,Move,1096,410
58753,NoButton,Move,1092,422
58769,NoButton,Move,1087,437
58786,NoButton,Move,1085,443
58802,NoButton,Move,1083,450
58819,NoButton,Move,1080,455
58836,NoButton,Move,1076,463
58853,NoButton,Move,1072,474
58869,NoButton,Move,1071,483
58886,NoButton,Move,1066,493
58902,NoButton,Move,1062,499
58919,NoButton,Move,1058,506
58936,NoButton,Move,1053,513
58953,NoButton,Move,1048,522
58969,NoButton,Move,1040,530
58986,NoButton,Move,1035,537
59002,NoButton,Move,1028,544
59019,NoButton,Move,1025,549
59036,NoButton,Move,1019,557
59052,NoButton,Move,1016,561
59069,NoButton,Move,1013,565
59086,NoButton,Move,1010,569
59102,NoButton,Move,1007,574
59119,NoButton,Move,1005,576
59136,NoButton,Move,1004,578
59153,NoButton,Move,1002,582
59183,NoButton,Move,1002,583
59208,Left,Pressed,1002,583
59268,Left,Released,1002,583
59544,NoButton,Move,1001,583
59552,NoButton,Move,992,582
59569,NoButton,Move,940,563
59585,NoButton,Move,866,542
59602,NoButton,Move,799,526
59618,NoButton,Move,740,513
59635,NoButton,Move,674,499
59652,NoButton,Move,612,486
59669,NoButton,Move,573,478
59685,NoButton,Move,539,466
59702,NoButton,Move,498,452
59719,NoButton,Move,475,446
59735,NoButton,Move,452,441
59752,NoButton,Move,430,437
59768,NoButton,Move,412,434
59785,NoButton,Move,392,433
59802,NoButton,Move,368,433
59818,NoButton,Move,352,433
59835,NoButton,Move,336,433
59852,NoButton,Move,320,433
59868,NoButton,Move,309,433
59885,NoButton,Move,300,434
59902,NoButton,Move,292,434
59918,NoButton,Move,286,435
59935,NoButton,Move,280,435
59952,NoButton,Move,265,437
59968,NoButton,Move,258,437
59985,NoButton,Move,252,437
60002,NoButton,Move,247,437
60018,NoButton,Move,243,437
60035,NoButton,Move,240,437
60051,NoButton,Move,238,437
60068,NoButton,Move,237,437
60085,NoButton,Move,236,437
60105,NoButton,Move,234,437
60118,NoButton,Move,233,437
60135,NoButton,Move,232,437
60152,NoButton,Move,229,437
60168,NoButton,Move,225,437
60199,Left,Pressed,225,437
60284,Left,Released,225,437
60356,Left,Pressed,225,437
60451,Left,Drag,228,437
60465,Left,Drag,230,437
60465,Left,Released,230,437
60484,NoButton,Move,232,436
60510,NoButton,Move,233,436
60518,NoButton,Move,234,436
60536,NoButton,Move,235,436
60551,NoButton,Move,237,435
60568,NoButton,Move,240,434
60585,NoButton,Move,243,434
60601,NoButton,Move,246,432
60618,NoButton,Move,250,432
60634,NoButton,Move,254,430
60651,NoButton,Move,260,429
60770,NoButton,Move,258,429
60784,NoButton,Move,255,430
60801,NoButton,Move,246,432
60817,NoButton,Move,234,436
60834,NoButton,Move,224,438
60851,NoButton,Move,216,438
60868,NoButton,Move,209,439
60884,NoButton,Move,201,439
60901,NoButton,Move,193,439
60917,NoButton,Move,182,439
60934,NoButton,Move,175,439
60951,NoButton,Move,172,439
60968,NoButton,Move,171,439
61011,Left,Pressed,171,439
61072,Left,Released,171,439
61146,Left,Pressed,171,439
61244,Left,Released,171,439
61284,NoButton,Move,172,439
61302,NoButton,Move,173,439
61323,NoButton,Move,174,439
61339,NoButton,Move,175,439
61356,NoButton,Move,175,438
61372,NoButton,Move,176,438
61385,NoButton,Move,177,438
61400,NoButton,Move,178,437
61417,NoButton,Move,179,437
61434,NoButton,Move,185,436
61450,NoButton,Move,192,434
61467,NoButton,Move,202,431
61484,NoButton,Move,213,430
61500,NoButton,Move,228,430
61517,NoButton,Move,242,433
61533,NoButton,Move,258,437
61550,NoButton,Move,291,446
61567,NoButton,Move,316,454
61583,NoButton,Move,337,458
61600,NoButton,Move,361,460
61617,NoButton,Move,391,462
61634,NoButton,Move,410,462
61650,NoButton,Move,427,462
61667,NoButton,Move,446,462
61683,NoButton,Move,456,462
61700,NoButton,Move,460,462
61815,Left,Pressed,460,462
61884,Left,Released,460,462
61901,NoButton,Move,459,462
61916,NoButton,Move,458,462
61933,NoButton,Move,457,462
61950,NoButton,Move,455,462
61967,NoButton,Move,454,462
61983,NoButton,Move,452,462
62000,NoButton,Move,449,462
62016,NoButton,Move,447,462
62033,NoButton,Move,444,462
62050,NoButton,Move,442,462
62067,NoButton,Move,440,462
62083,NoButton,Move,437,462
62100,NoButton,Move,436,462
62121,Left,Pressed,436,462
62150,Left,Drag,436,462
62182,Left,Released,436,462
62269,Left,Pressed,436,462
62354,Left,Released,436,462
62434,NoButton,Move,437,462
62449,NoButton,Move,439,462
62481,NoButton,Move,440,462
62516,NoButton,Move,442,462
62533,NoButton,Move,444,461
62549,NoButton,Move,447,460
62566,NoButton,Move,463,457
62583,NoButton,Move,504,454
62599,NoButton,Move,570,454
62616,NoButton,Move,641,452
62633,NoButton,Move,736,452
62649,NoButton,Move,849,452
62666,NoButton,Move,943,455
62683,NoButton,Move,1008,463
62699,NoButton,Move,1057,471
62716,NoButton,Move,1094,480
62732,NoButton,Move,1103,483
62749,NoButton,Move,1104,485
62918,NoButton,Move,1103,485
62932,NoButton,Move,1101,486
62949,NoButton,Move,1100,487
62966,NoButton,Move,1096,488
62982,NoButton,Move,1094,490
62999,NoButton,Move,1091,491
63016,NoButton,Move,1089,492
63032,NoButton,Move,1088,493
63044,NoButton,Move,1087,494
63045,Right,Pressed,1087,494
63065,Right,Drag,1085,494
63082,Right,Drag,1084,494
63136,Right,Released,1084,494
63165,NoButton,Move,1084,494
63404,NoButton,Move,1085,494
63415,NoButton,Move,1087,494
63432,NoButton,Move,1088,488
63448,NoButton,Move,1088,475
63465,NoButton,Move,1084,461
63482,NoButton,Move,1075,446
63498,NoButton,Move,1070,442
63515,NoButton,Move,1066,438
63532,NoButton,Move,1061,434
63548,NoButton,Move,1053,430
63565,NoButton,Move,1042,425
63582,NoButton,Move,1029,421
63598,NoButton,Move,1012,417
63615,NoButton,Move,989,414
63632,NoButton,Move,930,406
63648,NoButton,Move,891,399
63665,NoButton,Move,868,394
63682,NoButton,Move,848,388
63698,NoButton,Move,839,382
63715,NoButton,Move,836,379
63732,NoButton,Move,835,374
63748,NoButton,Move,835,372
63765,NoButton,Move,835,370
63781,NoButton,Move,835,369
63798,NoButton,Move,836,367
63815,NoButton,Move,836,366
63832,NoButton,Move,836,365
63866,Left,Pressed,836,365
63881,Left,Drag,836,365
63898,Left,Drag,837,364
63916,Left,Drag,851,364
63932,Left,Drag,884,363
63949,Left,Drag,950,363
63966,Left,Drag,1012,363
63983,Left,Drag,1137,363
63999,Left,Drag,1208,363
64015,Left,Drag,1260,363
64032,Left,Drag,1287,363
64048,Left,Drag,1300,363
64065,Left,Drag,1302,363
64263,Left,Released,1302,363
64291,NoButton,Move,1300,363
64297,NoButton,Move,1299,364
64314,NoButton,Move,1294,366
64331,NoButton,Move,1288,369
64348,NoButton,Move,1284,372
64364,NoButton,Move,1279,374
64381,NoButton,Move,1271,378
64398,NoButton,Move,1255,383
64415,NoButton,Move,1240,386
64431,NoButton,Move,1218,390
64448,NoButton,Move,1193,393
64464,NoButton,Move,1172,394
64481,NoButton,Move,1162,394
64498,NoButton,Move,1158,394
64514,NoButton,Move,1157,394
64564,NoButton,Move,1160,394
64581,NoButton,Move,1168,392
64598,NoButton,Move,1180,388
64614,NoButton,Move,1200,386
64631,NoButton,Move,1237,381
64648,NoButton,Move,1268,376
64664,NoButton,Move,1324,368
64681,NoButton,Move,1347,367
64698,NoButton,Move,1366,365
64714,NoButton,Move,1372,364
64764,NoButton,Move,1371,364
64787,NoButton,Move,1368,363
64803,NoButton,Move,1367,363
64819,NoButton,Move,1367,362
64835,NoButton,Move,1366,362
64847,NoButton,Move,1365,362
64864,NoButton,Move,1364,359
64881,NoButton,Move,1360,358
64897,NoButton,Move,1357,358
64914,NoButton,Move,1352,358
64931,NoButton,Move,1348,358
64947,NoButton,Move,1344,358
64964,NoButton,Move,1340,358
64968,NoButton,Move,1338,359
64969,Left,Pressed,1338,359
64981,Left,Drag,1336,360
64999,Left,Drag,1330,362
65014,Left,Drag,1327,365
65031,Left,Drag,1324,366
65048,Left,Drag,1321,370
65064,Left,Drag,1318,371
65081,Left,Drag,1316,374
65098,Left,Drag,1315,375
65114,Left,Drag,1314,378
65131,Left,Drag,1312,379
65148,Left,Drag,1312,380
